Position: -33.9846 0.770144 -15.495
Accuracy: 0.0769231
Total Time: 26.4566
