Position: 1.13901 0.770144 -13.5672
Accuracy: 0
Total Time: 0
